10,28
10,206
10,284
10,114
10,290
10,258
10,238
10,232
8,18
8,10
8,4
20,3
20,2
20,1
19,3
19,2
19,1
12,3
12,2
12,1
11,29
11,28
11,27
11,26
11,25
11,24
11,23
11,22
11,21
11,20
11,19
11,18
11,17
11,16
11,15
11,14
11,13
11,12
11,11
11,10
11,9
11,8
11,7
11,6
11,5
11,4
11,3
11,2
11,1
11,0
10,310
10,308
10,304
10,298
10,291
10,277
10,274
10,250
10,244
10,240
10,226
10,225
10,220
18,1
10,184
18,3
10,177
10,176
10,170
14,1
10,140
14,3
13,1
10,138
13,3
10,132
10,122
10,90
10,70
10,32
10,3
10,2
10,1
9,7
9,6
9,4
9,3
9,2
9,1
8,17
8,14
8,13
8,12
8,11
8,8
8,6
8,5
8,3
8,2
8,1
3,3
3,2
